year,month,day,death_count,new_death_count,death_rate,new_death_rate
2020,1,21,0,0,0,.
2020,1,22,0,0,0,.
2020,1,23,0,0,0,.
2020,1,24,0,0,0,.
2020,1,25,0,0,0,.
2020,1,26,0,0,0,.
2020,1,27,0,0,0,0
2020,1,28,0,0,0,0
2020,1,29,0,0,0,0
2020,1,30,0,0,0,0
2020,1,31,0,0,0,0
2020,2,1,0,0,0,0
2020,2,2,0,0,0,0
2020,2,3,0,0,0,0
2020,2,4,0,0,0,0
2020,2,5,0,0,0,0
2020,2,6,0,0,0,0
2020,2,7,0,0,0,0
2020,2,8,0,0,0,0
2020,2,9,0,0,0,0
2020,2,10,0,0,0,0
2020,2,11,0,0,0,0
2020,2,12,0,0,0,0
2020,2,13,0,0,0,0
2020,2,14,0,0,0,0
2020,2,15,0,0,0,0
2020,2,16,0,0,0,0
2020,2,17,0,0,0,0
2020,2,18,0,0,0,0
2020,2,19,0,0,0,0
2020,2,20,0,0,0,0
2020,2,21,0,0,0,0
2020,2,22,0,0,0,0
2020,2,23,0,0,0,0
2020,2,24,0,0,0,0
2020,2,25,0,0,0,0
2020,2,26,0,0,0,0
2020,2,27,0,0,0,0
2020,2,28,0,0,0,0
2020,2,29,1,1,.000305,.0000435
2020,3,1,3,2,.000914,.000131
2020,3,2,6,3,.00183,.000261
2020,3,3,10,4,.00305,.000435
2020,3,4,12,2,.00366,.000522
2020,3,5,12,0,.00366,.000522
2020,3,6,15,3,.00457,.000653
2020,3,7,19,4,.00579,.000783
2020,3,8,22,3,.0067,.000827
2020,3,9,26,4,.00792,.00087
2020,3,10,31,5,.00944,.000914
2020,3,11,37,6,.0113,.00109
2020,3,12,43,6,.0131,.00135
2020,3,13,50,7,.0152,.00152
2020,3,14,60,10,.0183,.00178
2020,3,15,68,8,.0207,.002
2020,3,16,91,23,.0277,.00283
2020,3,17,117,26,.0356,.00374
2020,3,18,162,45,.0494,.00544
2020,3,19,212,50,.0646,.00736
2020,3,20,277,65,.0844,.00988
2020,3,21,359,82,.109,.013
2020,3,22,456,97,.139,.0169
2020,3,23,576,120,.175,.0211
2020,3,24,782,206,.238,.0289
2020,3,25,1051,269,.32,.0387
2020,3,26,1350,299,.411,.0495
2020,3,27,1766,416,.538,.0648
2020,3,28,2296,530,.699,.0843
2020,3,29,2712,416,.826,.0982
2020,3,30,3361,649,1.02,.121
2020,3,31,4294,933,1.31,.153
2020,4,1,5310,1016,1.62,.185
2020,4,2,6525,1215,1.99,.225
2020,4,3,7912,1387,2.41,.267
2020,4,4,9465,1553,2.88,.312
2020,4,5,10831,1366,3.3,.353
2020,4,6,12355,1524,3.76,.391
2020,4,7,14586,2231,4.44,.448
2020,4,8,16670,2084,5.08,.494
2020,4,9,18781,2111,5.72,.533
2020,4,10,21038,2257,6.41,.571
2020,4,11,23118,2080,7.04,.594
2020,4,12,24797,1679,7.55,.608
2020,4,13,26559,1762,8.09,.618
2020,4,14,29264,2705,8.92,.639
2020,4,15,32010,2746,9.75,.668
2020,4,16,34353,2343,10.5,.678
2020,4,17,36639,2286,11.2,.679
2020,4,18,38588,1949,11.8,.673
2020,4,19,40127,1539,12.2,.667
2020,4,20,41963,1836,12.8,.67
2020,4,21,44634,2671,13.6,.669
2020,4,22,47002,2368,14.3,.652
2020,4,23,49148,2146,15,.644
2020,4,24,51272,2124,15.6,.637
2020,4,25,53232,1960,16.2,.637
2020,4,26,54484,1252,16.6,.625
2020,4,27,55926,1442,17,.608
2020,4,28,58318,2392,17.8,.596
2020,4,29,60832,2514,18.5,.602
2020,4,30,63036,2204,19.2,.604
2020,5,1,64796,1760,19.7,.589
2020,5,2,66378,1582,20.2,.572
2020,5,3,67707,1329,20.6,.575
2020,5,4,68796,1089,21,.56
2020,5,5,71028,2232,21.6,.553
2020,5,6,73736,2708,22.5,.562
2020,5,7,75691,1955,23.1,.551
2020,5,8,77261,1570,23.5,.543
2020,5,9,78714,1453,24,.537
2020,5,10,79642,928,24.3,.519
2020,5,11,80621,979,24.6,.515
2020,5,12,82272,1651,25.1,.489
2020,5,13,84039,1767,25.6,.448
2020,5,14,85775,1736,26.1,.439
2020,5,15,87363,1588,26.6,.44
2020,5,16,88588,1225,27,.43
2020,5,17,89431,843,27.2,.426
2020,5,18,90276,845,27.5,.42
2020,5,19,91796,1520,28,.415
2020,5,20,93272,1476,28.4,.402
2020,5,21,94582,1310,28.8,.383
2020,5,22,95870,1288,29.2,.37
2020,5,23,96918,1048,29.5,.363
2020,5,24,97538,620,29.7,.353
2020,5,25,98046,508,29.9,.338
2020,5,26,98793,747,30.1,.305
2020,5,27,100278,1485,30.6,.305
2020,5,28,101476,1198,30.9,.3
2020,5,29,102665,1189,31.3,.296
2020,5,30,103627,962,31.6,.292
2020,5,31,104228,601,31.8,.291
2020,6,1,104962,734,32,.301
2020,6,2,106042,1080,32.3,.315
2020,6,3,107029,987,32.6,.294
2020,6,4,108037,1008,32.9,.286
2020,6,5,109148,1111,33.3,.282
2020,6,6,109875,727,33.5,.272
2020,6,7,110265,390,33.6,.263
2020,6,8,110987,722,33.8,.262
2020,6,9,112017,1030,34.1,.26
2020,6,10,112945,928,34.4,.257
2020,6,11,113821,876,34.7,.252
2020,6,12,114598,777,34.9,.237
2020,6,13,115290,692,35.1,.236
2020,6,14,115606,316,35.2,.232
2020,6,15,116054,448,35.4,.221
2020,6,16,116823,769,35.6,.209
2020,6,17,117584,761,35.8,.202
2020,6,18,118311,727,36,.195
2020,6,19,119009,698,36.3,.192
2020,6,20,119555,546,36.4,.186
2020,6,21,119810,255,36.5,.183
2020,6,22,120170,360,36.6,.179
2020,6,23,120934,764,36.8,.179
2020,6,24,121701,767,37.1,.179
2020,6,25,122334,633,37.3,.175
2020,6,26,122967,633,37.5,.172
2020,6,27,123477,510,37.6,.171
2020,6,28,123747,270,37.7,.171
2020,6,29,124094,347,37.8,.171
2020,6,30,124767,673,38,.167
2020,7,1,125409,642,38.2,.161
2020,7,2,126132,723,38.4,.165
2020,7,3,126722,590,38.6,.163
2020,7,4,126982,260,38.7,.153
2020,7,5,127244,262,38.8,.152
2020,7,6,127635,391,38.9,.154
2020,7,7,128591,956,39.2,.166
2020,7,8,129537,946,39.5,.18
2020,7,9,130378,841,39.7,.185
2020,7,10,131206,828,40,.195
2020,7,11,131873,667,40.2,.213
2020,7,12,132268,395,40.3,.219
2020,7,13,132693,425,40.4,.22
2020,7,14,133645,952,40.7,.22
2020,7,15,134614,969,41,.221
2020,7,16,135571,957,41.3,.226
2020,7,17,136467,896,41.6,.229
2020,7,18,137241,774,41.8,.234
2020,7,19,137653,412,41.9,.234
2020,7,20,138182,529,42.1,.239
2020,7,21,139309,1127,42.4,.247
2020,7,22,140439,1130,42.8,.254
2020,7,23,141552,1113,43.1,.26
2020,7,24,142695,1143,43.5,.271
2020,7,25,143568,873,43.7,.275
2020,7,26,144008,440,43.9,.277
2020,7,27,144590,582,44.1,.279
2020,7,28,145909,1319,44.5,.287
2020,7,29,147301,1392,44.9,.299
2020,7,30,148559,1258,45.3,.305
2020,7,31,149983,1424,45.7,.317
2020,8,1,151032,1049,46,.325
2020,8,2,151447,415,46.1,.324
2020,8,3,152055,608,46.3,.325
2020,8,4,153404,1349,46.7,.326
2020,8,5,154646,1242,47.1,.32
2020,8,6,155709,1063,47.4,.311
2020,8,7,157058,1349,47.8,.308
2020,8,8,158015,957,48.1,.304
2020,8,9,158549,534,48.3,.309
2020,8,10,159086,537,48.5,.306
2020,8,11,160529,1443,48.9,.31
2020,8,12,161999,1470,49.4,.32
2020,8,13,163201,1202,49.7,.326
2020,8,14,164366,1165,50.1,.318
2020,8,15,165413,1047,50.4,.322
2020,8,16,165921,508,50.5,.321
2020,8,17,166456,535,50.7,.321
2020,8,18,167794,1338,51.1,.316
2020,8,19,169079,1285,51.5,.308
2020,8,20,170109,1030,51.8,.301
2020,8,21,171263,1154,52.2,.3
2020,8,22,172206,943,52.5,.296
2020,8,23,172642,436,52.6,.293
2020,8,24,173144,502,52.7,.291
2020,8,25,174350,1206,53.1,.285
2020,8,26,175532,1182,53.5,.281
2020,8,27,176650,1118,53.8,.285
2020,8,28,177647,997,54.1,.278
2020,8,29,178514,867,54.4,.275
2020,8,30,178882,368,54.5,.272
2020,8,31,179369,487,54.6,.271
2020,9,1,180456,1087,55,.266
2020,9,2,181524,1068,55.3,.261
2020,9,3,182596,1072,55.6,.259
2020,9,4,183568,972,55.9,.258
2020,9,5,184270,702,56.1,.251
2020,9,6,184662,392,56.3,.252
2020,9,7,184923,261,56.3,.242
2020,9,8,185374,451,56.5,.214
2020,9,9,186531,1157,56.8,.218
2020,9,10,187433,902,57.1,.211
2020,9,11,188647,1214,57.5,.221
2020,9,12,189332,685,57.7,.22
2020,9,13,189727,395,57.8,.22
2020,9,14,190171,444,57.9,.228
2020,9,15,191441,1270,58.3,.264
2020,9,16,192419,978,58.6,.256
2020,9,17,193248,829,58.9,.253
