year,month,day,case_count,new_case_count,case_rate,new_case_rate
2020,1,21,1,0,.000305,.
2020,1,22,1,0,.000305,.
2020,1,23,1,0,.000305,.
2020,1,24,2,1,.000609,.
2020,1,25,3,1,.000914,.
2020,1,26,5,2,.00152,.
2020,1,27,5,0,.00152,.000174
2020,1,28,5,0,.00152,.000174
2020,1,29,5,0,.00152,.000174
2020,1,30,6,1,.00183,.000218
2020,1,31,7,1,.00213,.000218
2020,2,1,8,1,.00244,.000218
2020,2,2,11,3,.00335,.000261
2020,2,3,11,0,.00335,.000261
2020,2,4,11,0,.00335,.000261
2020,2,5,12,1,.00366,.000305
2020,2,6,12,0,.00366,.000261
2020,2,7,12,0,.00366,.000218
2020,2,8,12,0,.00366,.000174
2020,2,9,12,0,.00366,.0000435
2020,2,10,13,1,.00396,.000087
2020,2,11,13,0,.00396,.000087
2020,2,12,14,1,.00427,.000087
2020,2,13,15,1,.00457,.000131
2020,2,14,15,0,.00457,.000131
2020,2,15,15,0,.00457,.000131
2020,2,16,15,0,.00457,.000131
2020,2,17,25,10,.00762,.000522
2020,2,18,25,0,.00762,.000522
2020,2,19,25,0,.00762,.000479
2020,2,20,27,2,.00823,.000522
2020,2,21,30,3,.00914,.000653
2020,2,22,30,0,.00914,.000653
2020,2,23,30,0,.00914,.000653
2020,2,24,43,13,.0131,.000783
2020,2,25,45,2,.0137,.00087
2020,2,26,60,15,.0183,.00152
2020,2,27,60,0,.0183,.00144
2020,2,28,65,5,.0198,.00152
2020,2,29,70,5,.0213,.00174
2020,3,1,88,18,.0268,.00252
2020,3,2,104,16,.0317,.00265
2020,3,3,125,21,.0381,.00348
2020,3,4,161,36,.049,.0044
2020,3,5,228,67,.0695,.00731
2020,3,6,311,83,.0947,.0107
2020,3,7,428,117,.13,.0156
2020,3,8,547,119,.167,.02
2020,3,9,748,201,.228,.028
2020,3,10,1018,270,.31,.0389
2020,3,11,1263,245,.385,.048
2020,3,12,1668,405,.508,.0627
2020,3,13,2221,553,.677,.0831
2020,3,14,2893,672,.881,.107
2020,3,15,3591,698,1.09,.132
2020,3,16,4497,906,1.37,.163
2020,3,17,5896,1399,1.8,.212
2020,3,18,8334,2438,2.54,.308
2020,3,19,12372,4038,3.77,.466
2020,3,20,17978,5606,5.48,.686
2020,3,21,24486,6508,7.46,.94
2020,3,22,33006,8520,10.1,1.28
2020,3,23,43428,10422,13.2,1.69
2020,3,24,53850,10422,16.4,2.09
2020,3,25,68472,14622,20.9,2.62
2020,3,26,85440,16968,26,3.18
2020,3,27,102749,17309,31.3,3.69
2020,3,28,123788,21039,37.7,4.32
2020,3,29,142276,18488,43.3,4.76
2020,3,30,163689,21413,49.9,5.23
2020,3,31,188051,24362,57.3,5.84
2020,4,1,214922,26871,65.5,6.37
2020,4,2,244595,29673,74.5,6.93
2020,4,3,276848,32253,84.3,7.58
2020,4,4,311800,34952,95,8.18
2020,4,5,337351,25551,103,8.49
2020,4,6,368226,30875,112,8.9
2020,4,7,398494,30268,121,9.16
2020,4,8,430128,31634,131,9.37
2020,4,9,464627,34499,142,9.58
2020,4,10,498022,33395,152,9.63
2020,4,11,529575,31553,161,9.48
2020,4,12,556574,26999,170,9.54
2020,4,13,582334,25760,177,9.32
2020,4,14,609001,26667,186,9.16
2020,4,15,638954,29953,195,9.09
2020,4,16,670458,31504,204,8.96
2020,4,17,701933,31475,214,8.87
2020,4,18,730272,28339,222,8.73
2020,4,19,755508,25236,230,8.66
2020,4,20,782860,27352,239,8.73
2020,4,21,808670,25810,246,8.69
2020,4,22,837442,28772,255,8.64
2020,4,23,870835,33393,265,8.72
2020,4,24,907511,36676,276,8.95
2020,4,25,941886,34375,287,9.21
2020,4,26,968555,26669,295,9.27
2020,4,27,991619,23064,302,9.09
2020,4,28,1016254,24635,310,9.03
2020,4,29,1042740,26486,318,8.94
2020,4,30,1073024,30284,327,8.8
2020,5,1,1106958,33934,337,8.68
2020,5,2,1136248,29290,346,8.46
2020,5,3,1162336,26088,354,8.43
2020,5,4,1184229,21893,361,8.38
2020,5,5,1207889,23660,368,8.34
2020,5,6,1232348,24459,375,8.25
2020,5,7,1260761,28413,384,8.17
2020,5,8,1288281,27520,392,7.89
2020,5,9,1313131,24850,400,7.7
2020,5,10,1333423,20292,406,7.45
2020,5,11,1350983,17560,412,7.26
2020,5,12,1373239,22256,418,7.2
2020,5,13,1394354,21115,425,7.05
2020,5,14,1421217,26863,433,6.98
2020,5,15,1447337,26120,441,6.92
2020,5,16,1470946,23609,448,6.87
2020,5,17,1489902,18956,454,6.81
2020,5,18,1511662,21760,461,6.99
2020,5,19,1532536,20874,467,6.93
2020,5,20,1555530,22994,474,7.01
2020,5,21,1581214,25684,482,6.96
2020,5,22,1604892,23678,489,6.86
2020,5,23,1627091,22199,496,6.8
2020,5,24,1647032,19941,502,6.84
2020,5,25,1666061,19029,508,6.72
2020,5,26,1684886,18825,513,6.63
2020,5,27,1703554,18668,519,6.44
2020,5,28,1725974,22420,526,6.3
2020,5,29,1750361,24387,533,6.33
2020,5,30,1773686,23325,540,6.38
2020,5,31,1794259,20573,547,6.41
2020,6,1,1816058,21799,553,6.53
2020,6,2,1836779,20721,560,6.61
2020,6,3,1856675,19896,566,6.66
2020,6,4,1877801,21126,572,6.61
2020,6,5,1906396,28595,581,6.79
2020,6,6,1928611,22215,588,6.74
2020,6,7,1947155,18544,593,6.65
2020,6,8,1965297,18142,599,6.5
2020,6,9,1983960,18663,604,6.41
2020,6,10,2006666,22706,611,6.53
2020,6,11,2029841,23175,618,6.62
2020,6,12,2055148,25307,626,6.47
2020,6,13,2080327,25179,634,6.6
2020,6,14,2099335,19008,640,6.62
2020,6,15,2119372,20037,646,6.71
2020,6,16,2144194,24822,653,6.97
2020,6,17,2169793,25599,661,7.1
2020,6,18,2197738,27945,670,7.31
2020,6,19,2228482,30744,679,7.54
2020,6,20,2260215,31733,689,7.83
2020,6,21,2286532,26317,697,8.15
2020,6,22,2316958,30426,706,8.6
2020,6,23,2351891,34933,717,9.04
2020,6,24,2388728,36837,728,9.53
2020,6,25,2427829,39101,740,10
2020,6,26,2473309,45480,754,10.7
2020,6,27,2515464,42155,766,11.1
2020,6,28,2554847,39383,778,11.7
2020,6,29,2594270,39423,790,12.1
2020,6,30,2642430,48160,805,12.6
2020,7,1,2692319,49889,820,13.2
2020,7,2,2747790,55471,837,13.9
2020,7,3,2804848,57058,855,14.4
2020,7,4,2854746,49898,870,14.8
2020,7,5,2899380,44634,883,15
2020,7,6,2946009,46629,898,15.3
2020,7,7,2999945,53936,914,15.6
2020,7,8,3059340,59395,932,16
2020,7,9,3119098,59758,950,16.2
2020,7,10,3187032,67934,971,16.6
2020,7,11,3247501,60469,989,17.1
2020,7,12,3304993,57492,1007,17.7
2020,7,13,3366193,61200,1026,18.3
2020,7,14,3431648,65455,1045,18.8
2020,7,15,3499721,68073,1066,19.2
2020,7,16,3575192,75471,1089,19.9
2020,7,17,3645548,70356,1111,20
2020,7,18,3707648,62100,1130,20
2020,7,19,3769313,61665,1148,20.2
2020,7,20,3828788,59475,1166,20.1
2020,7,21,3893566,64778,1186,20.1
2020,7,22,3963174,69608,1207,20.2
2020,7,23,4032735,69561,1229,19.9
2020,7,24,4105749,73014,1251,20
2020,7,25,4171950,66201,1271,20.2
2020,7,26,4225555,53605,1287,19.9
2020,7,27,4284425,58870,1305,19.8
2020,7,28,4347123,62698,1324,19.7
2020,7,29,4413505,66382,1345,19.6
2020,7,30,4482100,68595,1365,19.6
2020,7,31,4550927,68827,1386,19.4
2020,8,1,4606637,55710,1403,18.9
2020,8,2,4656890,50253,1419,18.8
2020,8,3,4703965,47075,1433,18.3
2020,8,4,4756938,52973,1449,17.8
2020,8,5,4810280,53342,1465,17.3
2020,8,6,4867662,57382,1483,16.8
2020,8,7,4928040,60378,1501,16.4
2020,8,8,4982540,54500,1518,16.4
2020,8,9,5030312,47772,1533,16.3
2020,8,10,5076741,46429,1547,16.2
2020,8,11,5129425,52684,1563,16.2
2020,8,12,5183022,53597,1579,16.2
2020,8,13,5236614,53592,1595,16.1
2020,8,14,5295353,58739,1613,16
2020,8,15,5345535,50182,1629,15.8
2020,8,16,5387360,41825,1641,15.5
2020,8,17,5424035,36675,1652,15.1
2020,8,18,5466252,42217,1665,14.7
2020,8,19,5508991,42739,1678,14.2
2020,8,20,5554661,45670,1692,13.8
2020,8,21,5602831,48170,1707,13.4
2020,8,22,5647131,44300,1720,13.1
2020,8,23,5679128,31997,1730,12.7
2020,8,24,5718631,39503,1742,12.8
2020,8,25,5757588,38957,1754,12.7
2020,8,26,5802745,45157,1768,12.8
2020,8,27,5847553,44808,1781,12.7
2020,8,28,5893449,45896,1795,12.6
2020,8,29,5937470,44021,1809,12.6
2020,8,30,5970619,33149,1819,12.7
2020,8,31,6006594,35975,1830,12.5
2020,9,1,6050342,43748,1843,12.7
2020,9,2,6082176,31834,1853,12.2
2020,9,3,6128257,46081,1867,12.2
2020,9,4,6180256,51999,1883,12.5
2020,9,5,6222213,41957,1896,12.4
2020,9,6,6252240,30027,1905,12.3
2020,9,7,6276561,24321,1912,11.7
2020,9,8,6305201,28640,1921,11.1
2020,9,9,6338460,33259,1931,11.2
2020,9,10,6375632,37172,1942,10.8
2020,9,11,6422861,47229,1957,10.6
2020,9,12,6461479,38618,1969,10.4
2020,9,13,6494560,33081,1979,10.5
2020,9,14,6530963,36403,1990,11.1
2020,9,15,6569712,38749,2001,11.5
2020,9,16,6608769,39057,2013,11.8
2020,9,17,6653581,44812,2027,12.1
